Country	PD_Deficit	Total_N	Backbone_tree	GDP						
Afghanistan	0.428782896	108	60	529.7412103						
Albania	0.235580531	342	285	4410.455165						
Algeria	0.255027129	371	313	3834.438983						
American_Samoa	0.365043208	694	520	11839.0105						
Andorra	0	7	7	34588.05372						
Angola	0.510384785	798	460	2390.478145						
Antigua_and_Barbuda	0.271281102	459	378	13285.64474						
Argentina	0.494424172	829	488	11344.40574						
Armenia	0.20750467	42	36	4021.046264						
Aruba	0.280998304	526	433	23026.33287						
Australia	0.617883024	4003	1892	58029.51553						
Austria	0.174096491	69	58	43346.43185						
Azerbaijan	0.470336052	82	54	5083.38164						
Bahamas,_The	0.48808759	810	502	24359.00358						
Bahrain	0.453841657	451	289	19545.57856						
Bangladesh	0.427317937	513	353	1619.775886						
Barbados	0.308251248	491	390	14329.18985						
Belarus	0.045900611	34	33	6234.824328						
Belgium	0.078601262	139	133	40424.63884						
Belize	0.34853748	603	455	3851.698241						
Benin	0.469335131	516	326	1214.659587						
Bermuda	0.325032796	423	323	99728.6431						
Bhutan	0.326616271	42	32	2879.638618						
Bolivia	0.614692176	371	171	2986.024433						
Bosnia_and_Herzegovina	0.257716856	276	233	5437.510243						
Botswana	0.641862099	80	44	6304.862302						
Brazil	0.60154647	3982	1606	8228.774263						
Brunei_Darussalam	0.469589429	469	275	30696.87715						
Bulgaria	0.272252468	198	166	7920.91133						
Burkina_Faso	0.420723193	118	78	731.5220707						
Burundi	0.502745356	233	164	270.6576744						
Cabo_Verde	0.425174719	549	362	2935.321046						
Cambodia	0.420195156	858	573	1377.145086						
Cameroon	0.530188869	857	486	1419.676711						
Canada	0.239684018	991	834	42258.69102						
Cayman_Islands	0.28336214	437	358	77959.11049						
Central_African_Republic	0.547115759	182	112	415.0909905						
Chad	0.479647294	136	86	630.5691313						
Chile	0.615534555	608	282	12890.26434						
China	0.457966682	3109	1818	10358.25945						
Colombia	0.558879437	1847	927	5871.161729						
Comoros	0.37132312	529	395	1253.044541						
Congo,_Dem._Rep.	0.536942077	1081	631	505.348339						
Congo,_Rep.	0.538945338	710	415	1639.237435						
Costa_Rica	0.504681243	993	612	12126.62595						
Cote_d'Ivoire	0.517584667	565	334	2313.793388						
Croatia	0.257029533	332	273	12984.69587						
Cuba	0.406605029	964	667	7156.106821						
Curacao	0.310902759	575	456	14748.89555						
Cyprus	0.196899064	189	168	26502.84766						
Czechia	0	53	53	18984.6373						
Denmark	0.132254484	174	161	56202.16585						
Djibouti	0.334872387	358	280	3102.358706						
Dominica	0.306254109	461	367	6566.729051						
Ecuador	0.570895678	965	461	5315.516535						
Egypt,_Arab_Rep.	0.388298703	836	589	4028.42092						
El_Salvador	0.481531693	526	308	3632.453881						
Equatorial_Guinea	0.519804511	488	281	6860.37407						
Estonia	0.098665652	64	61	19767.0776						
Ethiopia	0.519463883	118	74	826.9730532						
Fiji	0.47164619	1178	737	4943.769579						
Finland	0.078656822	81	76	45009.61528						
France	0.303547878	651	506	35785.96701						
French_Polynesia	0.427998744	857	594	19586.54143						
Gabon	0.524081705	643	376	6818.496837						
Gambia,_The	0.453674044	488	313	692.749167						
Georgia	0.27783399	124	104	4447.664251						
Germany	0.167398033	188	167	41315.31357						
Ghana	0.511132583	597	362	2020.624272						
Greece	0.292810525	484	386	17323.82277						
Greenland	0.357653975	240	183	47957.79367						
Grenada	0.296277647	460	379	8699.111385						
Guam	0.373458846	947	708	31162.67596						
Guatemala	0.462772747	808	552	4126.205428						
Guinea	0.49102948	677	412	962.1163242						
Guinea-Bissau	0.467094011	585	369	619.2891578						
Guyana	0.459884523	891	548	9250.301674						
Haiti	0.308588565	474	386	1311.708137						
Honduras	0.481367196	939	610	2239.00815						
Hong_Kong_SAR,_China	0.367343802	1098	799	41469.97551						
Hungary	0.003407344	57	56	14400.71916						
Iceland	0.271541691	248	199	53188.03981						
India	0.553644656	2144	1131	1817.815782						
Indonesia	0.644835499	4365	1871	3757.121641						
Iran,_Islamic_Rep.	0.440002826	557	324	5333.046779						
Iraq	0.374673761	262	186	4448.183656						
Ireland	0.258221005	320	255	78732.55332						
Israel	0.459540095	538	359	37488.45495						
Italy	0.297692311	456	366	29358.12943						
Jamaica	0.348016609	577	447	4539.001917						
Japan	0.530192403	3674	2032	34556.43993						
Jordan	0.414397888	500	358	4028.963007						
Kazakhstan	0.546263457	92	60	10974.24628						
Kenya	0.415327975	950	566	1563.178702						
Kiribati	0.38688606	499	360	1473.888034						
Korea,_Rep.	0.366921359	966	715	31327.4094						
Kuwait	0.447096108	457	298	24429.22046						
Kyrgyz_Republic	0.747464885	19	7	1102.664362						
Lao_PDR	0.575461831	543	277	2554.425463						
Latvia	0	80	80	15559.59465						
Lebanon	0.25539067	230	195	5072.455753						
Lesotho	0.611589257	7	4	1033.432132						
Liberia	0.498481397	525	311	616.0053858						
Libya	0.182263746	203	181	6747.638945						
Lithuania	0.002158563	80	79	17213.8143						
Luxembourg	0.087440149	12	11	104879.2562						
Macao_SAR,_China	0.431815358	96	75	36172.29279						
Madagascar	0.450278963	983	675	442.1696305						
Malawi	0.622831266	293	107	394.0031621						
Malaysia	0.496718962	1731	1024	10631.50766						
Maldives	0.453765956	1052	740	6660.833299						
Mali	0.45340342	138	94	781.7314574						
Malta	0.188726445	251	222	25427.08178						
Mauritania	0.402860133	597	417	1549.958828						
Mauritius	0.398473571	1007	737	9058.208355						
Mexico	0.487785084	2159	1345	8922.612472						
Micronesia,_Fed._Sts.	0.416926294	1173	829	2839.388368						
Moldova	0.088746211	55	52	3235.945805						
Monaco	0.291455988	219	177	159221.6168						
Mongolia	0.417484981	71	48	4126.699124						
Montenegro	0.279859833	265	214	6515.533745						
Morocco	0.35202647	582	413	2818.771729						
Mozambique	0.456759896	1593	1005	574.5955494						
Myanmar	0.469610889	947	569	1586.902288						
Namibia	0.472126152	557	343	4074.511151						
Nauru	0.236861602	77	65	8367.188613						
Nepal	0.428041562	176	124	1025.509112						
Netherlands	0.081103391	159	152	46345.34721						
New_Zealand	0.559099732	869	455	39216.22486						
Nicaragua	0.46089301	959	631	1923.915858						
Niger	0.385235933	106	76	522.5555831						
Nigeria	0.509367724	660	394	2396.036462						
North_Macedonia	0.403923059	52	37	5067.213606						
Norway	0.194846671	239	210	75017.15675						
Oman	0.48393625	928	577	15743.22429						
Pakistan	0.41466037	602	412	1449.11718						
Palau	0.447530268	1474	976	13250.89835						
Panama	0.564728987	1265	687	12172.31081						
Papua_New_Guinea	0.546174858	2602	1402	2666.211255						
Paraguay	0.489350726	244	144	5656.261202						
Peru	0.583070281	1359	597	5807.065401						
Philippines	0.583651027	2991	1480	3271.649888						
Poland	0.120065739	106	98	14660.79392						
Portugal	0.312588809	456	366	19771.57742						
Puerto_Rico	0.412222481	716	499	28236.78307						
Qatar	0.433566918	438	286	56026.88725						
Romania	0.281811721	173	145	10865.14106						
Russian_Federation	0.36375562	860	582	9711.417969						
Rwanda	0.75703612	62	18	834.3966611						
Samoa	0.360489314	924	695	4359.11864						
Sao_Tome_and_Principe	0.488609085	310	191	1692.218743						
Saudi_Arabia	0.489071439	760	451	18700.22584						
Senegal	0.469665937	667	420	1365.251563						
Serbia	0.119260856	72	69	6549.350063						
Seychelles	0.449936237	1088	749	15544.46385						
Sierra_Leone	0.500866804	585	350	623.8890927						
Singapore	0.429508009	593	390	58982.46091						
Slovak_Republic	0.048219552	62	60	17360.71119						
Slovenia	0.226818312	326	282	22899.3607						
Solomon_Islands	0.53544139	938	541	2136.229053						
Somalia	0.418143423	754	543	444.7884307						
South_Africa	0.467043014	1764	1134	5659.206949						
Spain	0.31364572	650	501	24939.18726						
Sri_Lanka	0.435035444	970	669	4053.726183						
St._Kitts_and_Nevis	0.279556463	425	350	17404.41357						
St._Lucia	0.281102284	456	374	8651.349333						
St._Vincent_and_the_Grenadines	0.277902613	450	370	7354.646191						
Sudan	0.406613652	436	306	1852.80896						
Suriname	0.472989743	942	589	7529.6141						
Sweden	0.099047703	194	179	51541.65573						
Switzerland	0.156053385	59	49	85685.29027						
Tajikistan	1	4	0	1197.902812						
Tanzania	0.437487076	1556	952	1061.170288						
Thailand	0.501372057	1951	1135	6187.070289						
Timor-Leste	0.314050118	304	236	1587.857159						
Togo	0.462149835	483	314	626.6220554						
Tonga	0.400300515	1095	785	4629.881391						
Trinidad_and_Tobago	0.41073836	890	634	15067.7088						
Tunisia	0.240940329	266	226	3800.231943						
Turkiye	0.344085589	620	394	12038.62811						
Turks_and_Caicos_Islands	0.27559784	349	283	20723.91369						
Tuvalu	0.342978066	171	141	3946.361442						
Uganda	0.611362604	251	64	891.2959039						
Ukraine	0.27107347	216	174	2350.399902						
United_Arab_Emirates	0.435000206	448	294	37497.58071						
United_Kingdom	0.232001504	322	275	43166.1552						
United_States	0.385127449	2385	1755	58060.31395						
Uruguay	0.414854933	583	398	15002.64937						
Uzbekistan	0.568472589	49	32	3159.726047						
Vanuatu	0.412742989	789	541	2661.572765						
Vietnam	0.449719641	2239	1399	3316.004252						
Virgin_Islands_(U.S.)	0.338207719	525	396	35620.87192						
Yemen,_Rep.	0.433797462	670	475	1144.416671						
Zambia	0.599596488	360	232	1273.879558						
Zimbabwe	0.521200418	124	66	1307.01363						
